                n  target_hit  other_hit  stbd_admissible  peak_stbd  peak_port  turned  first_turn_t  stbd_first  min_range  speed_at_min
tag     width                                                                                                                             
run11s0 10     19        0.05       0.00             0.94      34.93      35.02    1.00          3.00        1.00       1.78          0.78
        5      22        0.00       0.27             0.32      26.68      31.58    1.00          5.50        0.95       1.53          0.87
        6      20        0.25       0.10             0.50      28.70      27.29    1.00          4.50        0.95       1.77          0.89
        7      20        0.20       0.05             0.85      30.77      31.63    1.00          4.00        0.95       1.82          0.83
        8      19        0.16       0.00             1.00      32.91      32.11    1.00          4.00        1.00       1.65          0.82
run12s0 10     19        0.00       0.00             1.00      24.84      26.46    1.00          2.00        0.11       2.41          0.92
        5      22        0.14       0.14             0.64      34.58      31.02    1.00          2.00        0.00       1.81          0.86
        6      20        0.15       0.00             0.75      31.06      31.99    1.00          2.00        0.00       2.18          0.85
        7      20        0.05       0.00             0.90      30.99      30.87    1.00          2.00        0.00       2.20          0.86
        8      19        0.00       0.00             0.89      29.45      29.15    1.00          2.00        0.00       2.38          0.89
run12s1 10     19        0.00       0.00             1.00      17.23      22.04    0.95          8.25        0.68       1.89          0.56
        5      22        0.09       0.05             0.41      14.65      16.02    0.95          8.50        0.59       1.82          0.56
        6      20        0.15       0.00             0.55      21.27      18.67    0.95          8.00        0.65       1.83          0.59
        7      20        0.20       0.00             0.84      15.02      18.72    0.95          9.00        0.60       1.90          0.57
        8      19        0.11       0.00             0.94      16.80      17.22    0.95          9.00        0.68       1.85          0.56
run8    10     19        0.05       0.00             1.00      24.33      26.16    1.00          3.00        0.21       2.29          0.82
        5      22        0.05       0.00             0.32      31.17      25.31    1.00          6.75        0.32       1.91          0.88
        6      20        0.00       0.00             0.65      30.98      24.73    1.00          4.75        0.25       2.04          0.86
        7      20        0.00       0.00             0.65      27.52      27.50    1.00          3.25        0.30       2.12          0.88
        8      19        0.00       0.00             0.89      27.68      26.89    1.00          3.50        0.21       2.15          0.86